99.5875  99.1981  96.7228  95.8286  94.3098  102.061  94.0506  102.735   
104.506  101.551  94.3616  107.143  92.4583  102.926  99.1668  96.3923   
97.4197  99.7788  103.388  102.397  99.263  92.9547  97.8972  100.381   
95.3356  103.054  105.838  102.62  100.739  99.0308  98.6822  96.1379   
97.702  94.5972  99.2194  100.034  98.5602  104.007  99.3923  104.395   
95.0978  103.112  98.2349  101.843  105.323  97.1302  95.534  101.703   
99.4922  100.45  104.564  100.842  99.6577  102.85  101.676  100.791   
91.7222  99.4825  104.142  100.717  107.012  100.526  96.8327  108.789   
98.5482  102.193  97.2636  106.209  101.176  102.021  100.026  98.6894   
106.809  97.5165  100.828  100.965  98.8109  102.37  102.159  104.356   
98.483  100.188  98.7309  98.6224  103.413  101.95  99.9704  105.387   
103.769  98.9695  100.304  102.21  96.6683  99.9747  96.9305  99.9209   
99.5096  103.301  96.5595  99.6294  102.247  100.809  101.048  101.702   
96.2883  99.9143  102.033  102.037  100.518  102.079  97.7226  103.41   
95.7451  101.542  110.486  100.371  97.2318  98.0531  105.659  101.07   
94.4452  101.277  101.488  99.6974  101.529  101.548  99.7023  97.836   
99.8191  101.188  98.2804  97.8359  101.116  101.605  100.082  100.695   
96.1792  95.315  99.3059  101.743  97.6865  103.294  94.9401  98.3176   
100.081  98.9237  94.2234  94.3872  98.267  100.938  102.268  101.649   
101.838  100.393  99.7902  95.8836  101.595  103.411  103.228  94.4051   
106.403  103.555  93.7287  90.4889  98.8725  100.198  92.8593  100.81   
97.9929  99.9413  103.965  97.3788  98.8709  98.5816  99.4872  106.374   
101.473  97.9799  107.159  100.207  100.191  100.065  96.4518  99.7262   
96.0359  103.208  103.261  102.829  96.9452  98.6521  97.7137  103.782   
102.086  101.154  97.0436  97.111  99.1344  99.2008  99.9021  100.398   
96.4241  98.075  95.5494  99.6269  90.625  102.355  95.7713  98.8684  102.25   
97.9655  96.9164  105.151  95.1586  101.574  105.69  98.7654  104.716   
95.0584  98.2667  98.2837  98.4544  95.9554  102.298  98.1425  98.2061   
99.9471  106.97  97.7184  100.201  99.8938  102.862  99.2047  94.7419   
95.9092  104.029  101.5  95.6435  97.8287  104.737  99.7396  100.048   
97.1558  96.8848  98.4771  100.415  93.1097  99.0443  102.18  102.862   
97.0365  99.5308  93.2553  102.464  100.696  97.3195  98.984  99.2389   
94.017  98.7138  99.0082  106.952  96.7595  96.8334  103.455  100.298   
97.5971  98.6454  98.5896  100.715  95.5059  99.0801  103.737  99.1829   
96.2359  98.5035  96.645  103.404  104.625  105.743  98.5268  102.567   
100.513  102.495  102.418  102.179  105.954  101.911  102.167  104.614   
100.381  101.513  107.072  99.0958  102.019  96.9881  98.2559  104.709   
98.2896  100.165  99.2576  98.3883  97.8221  97.7435  106.448  107.858   
98.6132  100.089  102.131  96.093  103.472  99.7419  100.987  103.683   
95.7401  100.869  98.9127  103.126  111.187  99.025  99.809  101.875   
98.2353  103.323  98.53  105.23  98.8784  92.8833  97.2266  105.016  102.765   
93.4879  105.435  104.755  100.572  106.85  101.936  100.369  105.579   
95.0765  105.784  102.238  98.4219  101.168  101.01  105.165  107.28   
103.522  100.908  93.0051  96.0404  97.9168  99.9208  100.707  95.8561   
100.716  100.083  99.9778  98.919  98.2966  101.426  101.111  96.9992   
98.6404  100.517  93.2066  101.98  94.316  97.7672  100.501  95.9281   
95.4328  101.326  96.2629  95.6239  98.8648  96.9658  95.7058  101.044   
100.781  92.7857  101.888  96.9032  96.791  102.264  95.3394  100.803   
97.2269  98.8171  101.954  103.628  94.283  95.6923  100.206  95.3262  98.17   
101.329  102.561  98.2224  100.409  101.883  92.609  94.1518  104.592   
96.7678  97.8642  97.5538  98.5163  98.7446  96.4095  102.056  109.258   
101.81  99.6  100.245  100.949  98.9287  98.3616  94.2003  101.799  101.587   
101.698  99.6374  100.908  102.135  99.7577  95.3458  104.875  99.6227   
96.9893  98.1316  101.151  96.7077  101.202  100.567  97.9346  97.3674   
102.797  101.15  102.142  96.6342  96.9738  99.6385  100.382  97.6522   
98.637  100.749  103.781  95.8756  99.629  98.3105  99.412  102.009  99.6392   
104.373  105.872  99.4871  99.1854  95.7491  103.862  97.988  97.67  96.5193   
98.1467  96.1898  93.7453  99.7214  96.3619  97.9325  98.9795  98.4013   
99.501  102.526  98.4746  101.978  105.254  99.9352  99.7252  102.836   
103.024  98.0865  95.8207  98.5058  103.165  101.442  105.629  101.773   
98.5709  101.482  100.975  97.0933  106.41  102.229  103.721  101.906   
105.599  101.509  101.88  103.168  98.5186  102.134  100.286  99.3026   
95.0857  104.614  96.1208  100.414  104.271  104.654  98.6622  96.1389   
94.2314  96.9342  101.818  99.1997  97.3428  104.261  110.505  102.282   
97.295  103.704  97.3831  97.8964  96.3437  101.786  101.443  97.196   
106.965  99.9581  98.7938  91.8468  103.321  101.665  96.8437  95.0452   
101.671  101.762  103.667  96.0241  92.6227  96.8172  95.639  102.306   
102.189  101.881  104.501  99.9427  100.375  99.1712  98.9108  98.7383   
101.737  100.857  101.299  96.2714  98.5703  106.167  100.345  96.8823   
104.289  94.403  101.743  101.182  96.2986  100.865  92.3139  95.2181   
100.934  95.3412  104.157  100.266  101.133  99.3568  95.8847  101.547   
105.104  102.302  101.006  101.79  103.428  95.9005  98.33  94.1953  99.8023   
102.565  107.267  100.911  100.107  98.3956  96.904  99.8675  101.333   
103.662  103.599  98.2984  103.275  97.8967  98.4801  97.9274  97.8966   
99.3805  95.3565  102.773  97.9456  95.3597  104.353  97.2344  100.559   
96.3038  102.608  102.945  103.864  100.484  99.5562  105.074  94.4839   
105.694  102.527  94.2042  94.3709  100.059  104.179  101.672  104.12   
98.9334  99.7591  100.427  100.836  101.796  102.875  101.469  100.051   
99.0694  99.9603  99.2071  101.616  95.9381  103.325  98.8034  99.2111   
98.3743  103.163  101.557  105.77  102.45  99.5048  102.183  101.801   
91.6509  97.6485  104.906  100.04  105.898  96.839  96.4114  98.3609   
98.2405  99.179  97.6005  99.5147  94.9551  102.404  100.858  97.7082   
99.996  102.805  100.109  104.783  97.445  99.1742  100.49  102.864  91.4079   
99.8616  102.512  100.705  97.9343  96.2236  101.024  106.156  101.445   
99.589  94.6744  101.197  100.374  98.5691  103.06  98.3292  102.579   
98.7846  96.0048  97.8901  99.8725  105.201  100.834  105.962  104.927   
100.003  103.384  102.733  98.6531  96.172  99.1735  102.385  99.504   
103.304  96.968  95.2114  94.6331  103.035  96.9309  99.4765  99.3123   
100.03  96.6934  101.379  102.817  99.9338  100.494  96.5308  101.308   
97.6694  99.8154  96.966  98.5915  92.3863  101.119  100.97  101.391   
103.694  94.757  99.9565  107.267  97.3331  99.5608  98.5286  99.3941   
106.864  101.996  100.485  95.8223  99.4196  102.047  101.997  100.17   
103.42  98.0155  100.646  100.952  104.986  100.248  94.9087  102.993   
100.111  94.4251  102.405  94.3063  103.521  96.7396  101.696  102.003   
96.8678  101.464  102.341  100.653  97.5048  98.8155  102.633  103.948   
103.212  98.1596  102.156  97.133  99.5099  101.845  93.3222  97.0152   
104.585  97.9258  98.2698  99.1123  100.382  103.512  102.517  97.6888   
100.96  100.721  92.9893  98.4426  99.7625  99.4368  107.715  101.938   
100.324  101.095  101.324  101.027  101.691  96.1503  102.559  101.319   
97.1873  97.134  98.3728  100.694  94.9896  102.688  97.543  104.677   
96.8574  101.604  97.7347  105.526  96.0788  96.3593  97.6022  93.0474   
97.6514  96.1265  100.377  96.1596  91.9013  102.846  97.108  96.057   
101.425  99.3811  96.9498  96.0516  102.16  95.5958  98.4175  99.2023   
95.3757  96.3508  102.41  104.397  102.039  96.9187  100.859  99.7981   
99.3812  95.6567  95.3185  101.041  101.357  99.6725  98.6483  98.9609   
98.1742  95.6319  97.7773  101.631  95.1825  101.584  95.8631  96.2923   
101.824  103.007  98.2641  100.438  100.85  98.4048  100.451  104.237   
95.6259  103.467  98.9151  102.821  104.329  96.6955  103.927  99.7177   
99.9142  102.587  98.4706  93.7558  104.931  98.833  102.731  98.1772   
98.733  94.9511  96.7509  98.3562  97.151  102.683  98.5824  98.5401   
100.391  100.036  97.7551  93.5255  92.6322  99.9919  96.8773  100.739   
99.5047  99.3794  98.4293  97.1372  99.0231  101.563  98.1911  100.362   
102.508  99.5615  106.396  98.7755  93.6482  96.3208  95.8945  97.5318   
102.692  99.5676  99.8448  100.282  101.693  96.0716  100.723  95.5698   
101.547  99.62  101.412  94.4824  101.027  95.3574  102.272  102.006   
95.2381  97.4869  97.6477  97.7119  100.555  99.3277  102.299  98.5193   
103.357  96.2773  99.5925  95.9913  95.2461  100.502  102.614  100.68   
97.1505  98.349  101.352  97.4952  102.05  102.175  102.637  103.985   
107.782  95.444  99.2138  101.798  101.33  98.4733  105.144  97.5398   
98.5789  105.684  94.9287  101.763  100.784  102.067  103.087  101.532   
102.7  99.0213  99.9645  97.6111  101.454  98.1287  108.789  101.561   
98.3611  96.8621  100.901  99.3622  93.7331  99.4898  92.6074  99.6394   
98.7533  97.9842  100.35  101.907  102.06  101.088  101.52  102.004  95.5602   
99.9339  97.9162  100.544  99.4746  102.362  106.091  103.742