989.65  996.553  1014.3  1004.93  988.635  1021.28  1006.52  997.254   
986.526  983.873  1003.23  977.335  1000.34  1002.25  998.358  994.583   
998.148  997.219  1002.08  1019.4  991.74  1014.03  999.59  1005.08  997.423   
997.916  996.444  996.842  1005.34  988.459  1006.43  997.631  1016.04   
1021.42  1012.45  997.752  992.527  986.888  985.794  999.157  1002.13   
995.099  986.062  997.016  998.916  999.549  1008.63  993.024  995.414   
1011.26  1007.41  997.798  1013.84  1017.13  1000.96  1007.57  1001.23   
1009.58  1009.08  1012.32  996.359  993.031  1004.79  993.349  1006.17   
999.172  987.711  992.003  991.341  998.352  987.409  1014.66  1003.53   
1010.1  1004.55  1003.07  1004.62  990.133  991.86  981.698  997.593   
1000.55  1006.45  997.857  993.805  997.73  992.411  982.409  1017.67   
1003.79  1017.75  1004.94  996.255  1000.56  989.519  986.903  1005.93   
1011.13  1011.88  987.618  1004.9  992.587  1001.42  995.355  993.929   
1019.62  998.741  1005.14  1001.52  1007.75  992.84  990.773  990.11   
984.156  1012.91  1011.53  996.064  1009.38  999.127  1006.94  1012.48   
998.144  1010.73  1004.87  1000.49  1002.97  1001.59  1011.38  1009.39   
995.987  1011.44  999.797  998.994  1006.87  1013.3  985.521  993.282   
999.008  993.634  1002.86  1001.39  990.434  1011.31  1001.42  981.241   
1013.01  995.366  995.715  1004.11  1010.14  1003.39  996.437  977.869   
1012.73  989.22  986.158  1011.99  989.589  998.112  1002.87  990.331   
997.281  990.453  1010.09  1002.33  990.501  992.385  994.548  993.558   
989.398  1004.07  997.314  1002.08  1001.47  996.071  1004.71  1011.58   
999.858  1005.78  983.915  984.057  1004.81  997.77  1004.37  1006.42   
993.195  1006.37  996.343  996.177  999.961  985.643  1003.11  992.488   
999.597  1014.28  1016.85  999.272  987.615  1000.76  988.108  1001.88   
1017.39  980.395  1008.87  997.573  979.692  995.984  1008.79  1004.43   
998.945  1003.68  1000.66  1001.  999.91  1005.64  989.067  983.597  1001.26   
999.337  1015.76  1009.44  997.172  993.374  993.51  983.272  1011.18   
1002.32  989.618  997.763  1011.35  1004.8  1007.35  997.06  999.655   
987.338  1001.88  1000.63  990.014  1010.09  1006.33  984.659  1004.97   
999.366  1000.02  1015.24  995.072  1004.35  997.394  1007.65  988.636   
1004.35  1001.4  999.382  1009.93  1002.8  993.069  1008.92  1011.46   
1016.32  996.606  995.207  1009.43  1010.11  997.24  1009.26  996.089   
1007.47  1009.33  1006.24  1005.16  1002.38  992.509  987.381  1005.42   
1014.9  996.917  990.949  1006.56  1009.39  1016.46  1004.26  992.064   
995.705  976.653  1013.96  982.524  994.339  995.403  1001.56  989.16   
1007.59  981.665  1013.17  1004.85  1009.24  989.889  987.15  982.188   
1022.75  1004.59  1003.13  993.619  989.999  1000.26  997.827  992.244   
994.275  1011.21  980.651  987.61  1013.24  997.295  1000.82  996.387   
990.98  1002.22  1019.52  1002.91  1015.52  999.649  995.305  1016.26   
1002.79  997.36  1005.5  1013.5  1020.67  992.643  979.14  999.303  993.962   
1007.52  985.393  1008.57  1001.75  1004.52  990.481  993.662  996.637   
989.48  1011.47  984.354  981.414  990.912  1002.95  986.953  987.571   
998.286  998.603  1011.27  1010.72  993.369  990.898  1007.02  1015.98   
982.893  986.448  985.643  997.14  1002.41  1004.94  993.421  1002.38   
992.213  1014.21  1021.82  1006.48  1009.51  999.989  987.494  1005.61   
1010.6  1002.43  993.317  1008.6  989.671  1007.59  1013.52  978.78  990.257   
997.109  1009.76  1003.66  998.342  993.508  1013.01  986.558  980.364   
988.123  1005.59  988.701  993.134  999.802  993.291  1032.91  996.166   
1006.78  1000.34  998.761  1002.09  1005.2  1019.88  993.744  973.125   
1007.99  1001.87  993.998  1007.94  1007.74  988.808  996.09  998.079   
994.677  996.946  1000.59  989.1  990.703  1005.54  1000.17  1001.49   
1000.68  987.274  996.641  1000.02  978.671  992.002  1002.9  1013.22   
979.337  1004.47  989.041  1002.88  991.373  1005.53  1007.98  992.431   
1001.02  1014.27  1003.68  991.627  1009.31  1004.77  1024.07  980.408   
1002.15  997.338  1016.64  993.403  1010.65  994.195  994.882  1003.5   
1010.77  999.973  995.976  1008.69  1006.97  1005.87  1001.78  990.102   
995.709  1002.55  986.938  994.161  1013.42  989.179  1003.28  980.572   
994.654  1017.38  1011.66  1009.48  1006.63  1003.  989.687  1003.57  992.43   
990.183  986.277  998.071  1002.07  994.449  990.812  1016.58  1015.65   
994.431  1008.74  1018.58  999.37  1014.22  998.616  999.104  995.906   
996.671  998.937  1000.35  1006.2  995.29  1017.99  1010.02  993.985   
1000.93  996.34  1009.26  1007.13  973.768  995.456  1003.11  989.898   
986.418  1008.88  992.226  1005.05  1011.48  990.45  986.549  996.208   
997.076  1000.13  1011.59  998.022  1006.04  991.015  1012.89  1002.98   
1016.99  990.641  994.752  996.187  1016.58  1000.02  1010.67  1005.03   
1001.86  1002.91  1008.28  1019.74  970.818  996.169  1002.49  1017.09   
1020.32  987.595  994.439  997.309  1000.73  997.587  1003.03  992.269   
1005.03  994.773  994.706  990.066  1012.6  992.602  983.672  1009.2   
1014.39  1000.99  988.833  998.764  987.781  997.599  1003.87  989.339   
1009.9  992.767  988.493  988.042  1003.61  987.285  1014.95  981.289   
1006.06  994.461  995.724  986.976  997.797  1014.61  974.57  991.777   
990.43  1010.78  1002.97  1015.04  996.969  1016.82  1014.13  1019.47   
999.575  997.774  1002.27  992.077  1000.99  997.634  1002.95  990.83   
1013.92  986.043  974.483  999.571  1005.43  988.328  1008.3  984.268   
1017.38  1011.54  996.227  1009.37  1014.76  984.878  1000.87  997.06   
999.848  1007.58  1020.81  1004.54  998.102  1012.87  1012.42  996.893   
1015.09  1003.29  995.751  1014.18  1005.98  999.091  1012.39  1012.69   
996.962  1001.75  1001.96  1011.89  991.959  1004.42  999.328  1000.31   
978.158  1002.49  996.34  1012.88  1001.48  983.506  1007.02  993.755   
989.424  994.804  996.869  990.968  1011.69  999.307  994.525  1000.5   
992.247  981.075  981.582  986.  1012.83  1002.04  1002.95  981.903  1008.95   
1017.02  993.354  1012.35  994.717  983.35  1000.62  1008.03  1005.48   
1003.48  1002.1  1020.64  999.843  984.267  1010.15  1010.74  991.137   
1007.76  996.125  995.979  998.852  985.808  1000.48  1001.24  1004.2   
1014.83  1005.92  1006.2  990.34  994.8  1016.42  1003.12  1001.69  986.235   
997.742  1000.43  1009.83  995.418  1005.17  1001.  1013.78  998.237   
999.333  1009.91  992.582  1031.49  1002.09  1003.41  1001.82  985.96   
1004.93  972.921  1002.79  1010.69  1008.97  985.974  986.719  1000.96   
999.076  998.484  1005.05  989.33  995.039  991.036  1005.75  1013.75   
996.439  1017.53  978.059  999.269  974.752  1001.2  997.693  1006.05   
991.31  998.339  998.866  990.532  1011.7  1002.96  992.331  1010.76   
990.236  993.054  1007.87  1005.06  1008.54  1006.63  1004.61  991.59   
997.17  986.74  977.114  1000.15  1004.99  1000.05  1001.36  998.959   
990.824  992.733  975.596  1007.4  995.491  1015.39  1011.56  1014.84   
996.79  977.856  1002.47  988.568  983.113  1016.84  999.956  1007.32   
1006.14  1012.71  1004.25  1001.77  995.476  991.839  995.653  995.688   
1006.23  998.132  1005.21  994.427  992.364  1012.85  990.516  982.183   
993.577  985.652  1007.21  1003.79  995.423  1001.51  1010.06  1001.22   
986.138  999.206  993.007  1004.46  1013.15  998.753  1016.42  991.992   
998.752  995.198  1009.31  1001.96  998.672  991.133  993.296  991.426   
993.301  1005.91  1008.13  995.706  984.005  1004.79  1008.9  989.395   
996.706  1012.69  994.565  1010.47  992.255  977.203  998.249  1003.66   
997.488  1000.69  989.659  995.044  1001.57  1005.3  1008.23  984.257   
1004.96  1019.99  1016.63  1019.14  984.415  1009.62  992.963  991.894   
989.383  989.893  975.969  990.292  998.433  984.474  991.64  972.314   
1006.46  997.296  994.473  994.242  1023.27  992.127  1005.72  1000.13   
1001.4  1005.39  997.01  990.861  994.969  992.879  1000.98  990.697   
969.759  1005.86  1007.33  1010.39  993.771  991.703  976.396  997.033   
1009.59  990.968  995.637  997.567  1002.96  1014.09  1019.56  1001.25   
1005.71  995.826  982.34  983.332  1008.63  986.872  988.839  996.628   
990.817  1005.88  1009.96  993.963  1003.  995.856  978.446  1000.02   
990.795  977.535  988.383  992.964  994.101  1005.65  998.524  980.593   
999.815  991.035  969.193  982.158  1009.49  974.721  1008.91  1006.76   
1008.54  995.49  1007.31  1006.81  1004.8  1010.9  991.438  1008.77  1001.36   
990.159  1002.74  1002.45  1008.58  999.509  980.733  1010.3  989.209   
1016.95  1009.48  989.615  980.614  1004.65  1014.1  1003.41  1016.57   
1003.33  1001.36  997.653  996.152  1003.82  999.161  1003.44  989.506   
1003.62  994.864  1011.78  1008.17  990.158  993.599  1010.19  1000.31   
998.2  993.291  982.049  991.131  1025.37  1011.9  978.15  992.989  1019.23   
999.864  995.132  997.406  997.827  993.523  1001.75  996.9  1010.77   
999.946  988.948  999.898  998.631  991.877  990.721  1000.37  1009.   
1002.58  983.247  988.883  993.195  1012.49  1006.07  995.64  999.809   
1015.66  1006.49  1013.87  1008.98  1003.86  988.43  1024.14