 1 1 94.883400 
 1 4 203.698395 
 1 1 299.083496 
 1 5 394.951385 
 1 8 497.421387 
 2 2 89.467102 
 2 6 191.241104 
 2 5 297.805115 
 2 6 381.247498 
 2 2 477.443909 
 3 3 94.749397 
 3 7 186.764297 
 3 11 293.625305 
 3 12 396.234314 
 3 11 486.220520 
 4 4 1090.060059 
 4 1 2135.020020 
 4 4 3077.854980 
 4 3 4081.234863 
 4 4 5077.933594 
 5 5 955.344971 
 5 1 1931.093994 
 5 2 2962.664062 
 5 14 3977.833984 
 5 10 4962.685059 
 6 6 1010.950012 
 6 5 2002.884033 
 6 1 2955.662109 
 6 4 3897.961182 
 6 8 4830.746094 
